 3100   4800.00000 
 3400    920.00000 
 3500   1500.00000 
 3500   1700.00000 
 3700   1300.00000 
 3700  32000.00000 
 3800  47000.00000 
 3800    530.00000 
 3900   1200.00000 
 4500    220.00000 
 4500    330.00000 
 4600    250.00000 
 4600   4800.00000 
 4700    290.00000 
 4700    500.00000 
 4700    760.00000 
 4700   1500.00000 
 4700   1800.00000 
 4700   2100.00000 
 4700   2600.00000 
 4700   7600.00000 
 4700  10000.00000 
 4800     53.00000 
 4800   4600.00000 
 4900     44.00000 
 4900     50.00000 
 4900     66.00000 
 4900    140.00000 
 4900   2900.00000 
 5000     40.00000 
 5000    130.00000 
 5100      0.48000 
 5100     35.00000 
 5100     46.00000 
 5100     58.00000 
 5100    250.00000 
 5100    480.00000 
 5100    580.00000 
 5200     53.00000 
 5200    120.00000 
 5300     64.00000 
 5600     87.00000 
 5600     87.00000 
 5600    120.00000 
 5600    140.00000 
 5800      1.40000 
 5800      3.50000 
 5800    760.00000 
 5900      8.40000 
 6000      6.30000 
 6100  21000.00000 
 6100  40000.00000 
 6200   1900.00000 
 6300     21.00000 
 6400      6.30000 
 6400   4600.00000 
 6700      7.60000 
 6700     25.00000 
 6800    880.00000 
 6900     24.00000 
 7000  11000.00000 
 7000  12000.00000 
 7300   3500.00000 
 7500      7.30000 
 7500      8.80000 
 7500     16.00000 
 8000     22.00000 
 8000     58.00000 
 8400     22.00000 
 8700     13.00000 
 8700     15.00000 
 8700     33.00000 
 8700     42.00000 
 9100     13.00000 
 9100     20.00000 
 9100     53.00000 
 9100     58.00000 
 9100     92.00000 
 9100    190.00000 
 9100 270000.00000 
 9500     22.00000 
 9500     30.00000 
 9500     58.00000 
 9500     64.00000 
 9500     87.00000 
 9500    190.00000 
10000     55.00000 
10000     66.00000 
10000    120.00000 
10000    160.00000 
10000    200.00000 
10000    240.00000 
10000    370.00000 
11000    200.00000 
12000    130.00000 
12000    170.00000 
12000    260.00000 
12000    280.00000 
12000  61000.00000 
13000    240.00000 
13000    280.00000 
13000    530.00000 
13000    880.00000 
13000   1300.00000 
16000 250000.00000 
20000    730.00000 
20000   5500.00000 
21000   3700.00000 
21000   6400.00000 
23000   2900.00000 
23000   4400.00000 
23000   5500.00000 
23000   7000.00000 
23000   8000.00000 
23000  13000.00000 
23000  16000.00000 
23000  25000.00000 
23000  61000.00000 
24000   7300.00000 
24000  16000.00000 
24000  21000.00000 
26000  13000.00000 
26000  17000.00000 
26000  19000.00000 
26000  24000.00000 
26000  30000.00000 
26000  51000.00000 
26000 120000.00000 
27000  33000.00000 
27000  40000.00000 
27000  67000.00000 
28000  17000.00000 
29000  13000.00000 
29000  15000.00000 
29000  40000.00000 
29000 360000.00000 
30000   3500.00000 
30000 120000.00000 
31000  22000.00000 
32000 180000.00000 
