 2400      0.00025 
 2400      0.00032 
 2400      0.00035 
 2500      0.00042 
 2500      0.00440 
 2700      0.00035 
 2700      0.00046 
 2700      0.00072 
 2700      0.00530 
 2700      0.08300 
 2800      0.00044 
 2800      0.00058 
 2800      0.00058 
 2900      0.00036 
 2900      0.00110 
 2900      0.00120 
 2900      0.01000 
 3000      0.00048 
 3000      0.00055 
 3000      0.00063 
 3000      0.00110 
 3000      0.00140 
 3000      0.00150 
 3000      0.00200 
 3100      0.00060 
 3100      0.00072 
 3100      0.00150 
 3100      0.00480 
 3100      0.00730 
 3100      0.01000 
 3200      0.00200 
 3200      0.00240 
 3200      0.00360 
 3200      0.00400 
 3200      0.00420 
 3200      0.00690 
 3200      0.00960 
 3300      0.00220 
 3300      0.00230 
 3300      0.00260 
 3300      0.00290 
 3300      0.00360 
 3300      0.00460 
 3300      0.00600 
 3300      0.00800 
 3300      0.01100 
 3300      0.01600 
 3300      0.01700 
 3400      0.00250 
 3400      0.00300 
 3400      0.00480 
 3400      0.00580 
 3400      0.00760 
 3400      0.00830 
 3400      0.00960 
 3400      0.01000 
 3400      0.01400 
 3400      0.02900 
 3400      0.04000 
 3500      0.00800 
 3500      0.00870 
 3500      0.00910 
 3500      0.01600 
 3500      0.01700 
 3500      0.01900 
 3500      0.02000 
 3600      0.02200 
 3700      0.01100 
 3700      0.01400 
 3700      0.01900 
 3700      0.02300 
 3700      0.03600 
 3700      0.04400 
 3700      0.05000 
 3700      0.06300 
 3900      0.05500 
 3900      0.07600 
 4200      0.04600 
 4200      0.06900 
 4300      0.05300 
 4300      0.08300 
 4500      0.13000 
 4500      0.21000 
 4700      0.28000 
 4700      0.30000 
 4900      0.36000 
 5000      0.32000 
 5000      0.42000 
 5100      0.44000 
 5100      0.48000 
 5300      0.44000 
 5300      1.30000 
 5500      0.61000 
 5800      1.20000 
 5800      1.40000 
 6400      6.30000 
 7500      8.80000 
 9500     22.00000 
